MEMORY
  total           14521 KB
  struct            158 KB
  buffer             27 KB
  arena           14336 KB, used 0.1%

SIZES
  narena                14680064
  nbuffer               27712
  nplugin               0
  maxuse_stack          17232
  maxuse_arena          17232
  maxuse_con            0
  maxuse_efc            1
  ncon                  0
  ne                    1
  nf                    0
  nl                    0
  nefc                  1
  nJ                    18
  efm_active            0
  nefmK                 0
  nefmcon               0
  nefmT                 0
  nefmA                 0
  nefmdof               0
  nefmL                 0
  nY                    0
  nA                    0
  nisland               1
  nidof                 18
  ntree_awake           1
  nbody_awake           16
  nparent_awake         15
  nv_awake              18
  flg_energypos         0
  flg_energyvel         0
  flg_subtreevel        0
  flg_rnepost           0
  threadpool            0

TIMER
    0:  duration =  0          number = 0
    1:  duration =  7.3e-05    number = 2
    2:  duration =  0          number = 0
    3:  duration =  4.5e-05    number = 2
    4:  duration =  8.7e-06    number = 2
    5:  duration =  3.4e-06    number = 2
    6:  duration =  1.1e-05    number = 2
    7:  duration =  0          number = 0
    8:  duration =  1e-05      number = 2
    9:  duration =  7.7e-06    number = 2
    10:  duration =  1.6e-05    number = 2
    11:  duration =  9e-06      number = 2
    12:  duration =  2.1e-07    number = 2
    13:  duration =  1.1e-05    number = 2
    14:  duration =  4.9e-06    number = 2

SOLVER STAT
  solver_fwdinv =   0         0       
ENERGY =   0         0       

TIME =  0       

QPOS
   0       
   0       
   0.18    
   1       
   0       
   0       
   0       
   0       
   0       
   0       
   0       
   0       
   0       
   0       
   0       
   0       
   0       
   0       
   0       

QVEL
   0       
   0       
   0       
   0       
   0       
   0       
   0       
   0       
   0       
   0       
   0       
   0       
   0       
   0       
   0       
   0       
   0       
   0       

QACC_WARMSTART
   0       
   0       
   0       
   0       
   0       
   0       
   0       
   0       
   0       
   0       
   0       
   0       
   0       
   0       
   0       
   0       
   0       
   0       

CTRL
   10      
   10      
   10      
   10      
   1.9     
   0       
   0       
   0       
   0       
   0       
   0       

QFRC_APPLIED
   0       
   0       
   0       
   0       
   0       
   0       
   0       
   0       
   0       
   0       
   0       
   0       
   0       
   0       
   0       
   0       
   0       
   0       

XFRC_APPLIED
   0         0         0         0         0         0       
   0         0         0         0         0         0       
   0         0         0         0         0         0       
   0         0         0         0         0         0       
   0         0         0         0         0         0       
   0         0         0         0         0         0       
   0         0         0         0         0         0       
   0         0         0         0         0         0       
   0         0         0         0         0         0       
   0         0         0         0         0         0       
   0         0         0         0         0         0       
   0         0         0         0         0         0       
   0         0         0         0         0         0       
   0         0         0         0         0         0       
   0         0         0         0         0         0       
   0         0         0         0         0         0       

EQ_ACTIVE             1

QACC
  -6.3e-18 
  -5.9e-49 
  -9.8     
  -1.4e-47 
   3.4e-16 
  -7.5e-34 
  -6.8e-17 
  -6.8e-17 
  -6.8e-17 
  -6.8e-17 
  -1.7e-32 
  -6.1e-16 
   1.4e-16 
   2.9e-34 
   8.3e-17 
   5.9e-34 
   5.5e-45 
  -5.5e-45 

TREE_ASLEEP
  -11

XPOS
   0         0         0       
   0         0         0.18    
   0.2       0.21      0.1     
   0.2      -0.21      0.1     
  -0.2       0.21      0.1     
  -0.2      -0.21      0.1     
   0         0         0.24    
   0         0         0.4     
   0         0         0.5     
   0         0         0.74    
   0         0         0.96    
   0         0         1       
   0         0         1.1     
   0         0         1.2     
   1.2e-13   0.018     1.2     
   1.2e-13  -0.018     1.2     

XQUAT
   1         0         0         0       
   1         0         0         0       
   1         0         0         0       
   1         0         0         0       
   1         0         0         0       
   1         0         0         0       
   1         0         0         0       
   1         0         0         0       
   1         0         0         0       
   1         0         0         0       
   1         0         0         0       
   1         0         0         0       
   1         0         0         0       
   0.71      0        -0.71      0       
   0.71      0        -0.71      0       
   0.71      0        -0.71      0       

XMAT
   1         0         0         0         1         0         0         0         1       
   1         0         0         0         1         0         0         0         1       
   1         0         0         0         1         0         0         0         1       
   1         0         0         0         1         0         0         0         1       
   1         0         0         0         1         0         0         0         1       
   1         0         0         0         1         0         0         0         1       
   1         0         0         0         1         0         0         0         1       
   1         0         0         0         1         0         0         0         1       
   1         0         0         0         1         0         0         0         1       
   1         0         0         0         1         0         0         0         1       
   1         0         0         0         1         0         0         0         1       
   1         0         0         0         1         0         0         0         1       
   1         0         0         0         1         0         0         0         1       
   4.9e-12  -0        -1         0         1        -0         1         0         4.9e-12 
   4.9e-12  -0        -1         0         1        -0         1         0         4.9e-12 
   4.9e-12  -0        -1         0         1        -0         1         0         4.9e-12 

XIPOS
   0         0         0       
   0         0         0.18    
   0.2       0.21      0.1     
   0.2      -0.21      0.1     
  -0.2       0.21      0.1     
  -0.2      -0.21      0.1     
   0         0         0.32    
   0         0         0.45    
   0         0         0.62    
   0         0         0.85    
   0         0         1       
   0         0         1.1     
   0         0         1.1     
   0         0         1.2     
   3.4e-13   0.018     1.2     
   3.4e-13  -0.018     1.2     

XIMAT
   1         0         0         0         1         0         0         0         1       
   1         0         0         0         1         0         0         0         1       
   1        -0         0         0         2.2e-16   1        -0        -1         2.2e-16 
   1        -0         0         0         2.2e-16   1        -0        -1         2.2e-16 
   1        -0         0         0         2.2e-16   1        -0        -1         2.2e-16 
   1        -0         0         0         2.2e-16   1        -0        -1         2.2e-16 
   1         0         0         0         1         0         0         0         1       
   1         0         0         0        -1        -1.2e-16   0         1.2e-16  -1       
   1         0         0         0        -1        -1.2e-16   0         1.2e-16  -1       
   1         0         0         0        -1        -1.2e-16   0         1.2e-16  -1       
   1         0         0         0        -1        -1.2e-16   0         1.2e-16  -1       
   1         0         0         0        -1        -1.2e-16   0         1.2e-16  -1       
   1         0         0         0        -1        -1.2e-16   0         1.2e-16  -1       
   4.9e-12  -0        -1         0         1        -0         1         0         4.9e-12 
   4.9e-12  -0        -1         0         1        -0         1         0         4.9e-12 
   4.9e-12  -0        -1         0         1        -0         1         0         4.9e-12 

XANCHOR
   0         0         0.18    
   0.2       0.21      0.1     
   0.2      -0.21      0.1     
  -0.2       0.21      0.1     
  -0.2      -0.21      0.1     
   0         0         0.4     
   0         0         0.5     
   0         0         0.74    
   0         0         0.96    
   0         0         1       
   0         0         1.1     
   1.2e-13   0.018     1.2     
   1.2e-13  -0.018     1.2     

XAXIS
   0         0         1       
   0         1         0       
   0         1         0       
   0         1         0       
   0         1         0       
   0         0         1       
   0         1         0       
   0         1         0       
   0         0         1       
   0         1         0       
   0         0         1       
   0         1         0       
   0        -1         0       

GEOM_XPOS
   0         0         0       
   0         0         0.18    
   0.2       0.21      0.1     
   0.2      -0.21      0.1     
  -0.2       0.21      0.1     
  -0.2      -0.21      0.1     
   0         0         0.32    
   0         0         0.45    
   0         0         0.62    
   0         0         0.85    
   0         0         1       
   0         0         1.1     
   0         0         1.1     
   0         0         1.2     
   3.4e-13   0.018     1.2     
   3.4e-13  -0.018     1.2     

GEOM_XMAT
   1         0         0         0         1         0         0         0         1       
   1         0         0         0         1         0         0         0         1       
   1        -0         0         0         2.2e-16   1        -0        -1         2.2e-16 
   1        -0         0         0         2.2e-16   1        -0        -1         2.2e-16 
   1        -0         0         0         2.2e-16   1        -0        -1         2.2e-16 
   1        -0         0         0         2.2e-16   1        -0        -1         2.2e-16 
   1         0         0         0         1         0         0         0         1       
   1         0         0         0        -1        -1.2e-16   0         1.2e-16  -1       
   1         0         0         0        -1        -1.2e-16   0         1.2e-16  -1       
   1         0         0         0        -1        -1.2e-16   0         1.2e-16  -1       
   1         0         0         0        -1        -1.2e-16   0         1.2e-16  -1       
   1         0         0         0        -1        -1.2e-16   0         1.2e-16  -1       
   1         0         0         0        -1        -1.2e-16   0         1.2e-16  -1       
   4.9e-12  -0        -1         0         1        -0         1         0         4.9e-12 
   4.9e-12  -0        -1         0         1        -0         1         0         4.9e-12 
   4.9e-12  -0        -1         0         1        -0         1         0         4.9e-12 

SITE_XPOS
   3.4e-13   0         1.2     

SITE_XMAT
   4.9e-12  -0        -1         0         1        -0         1         0         4.9e-12 

LIGHT_XPOS
   0        -2         4       

LIGHT_XDIR
   0         0        -1       

SUBTREE_COM
   2.6e-15   0         0.27    
   2.6e-15   0         0.27    
   0.2       0.21      0.1     
   0.2      -0.21      0.1     
  -0.2       0.21      0.1     
  -0.2      -0.21      0.1     
   1.4e-14   0         0.68    
   1.8e-14   0         0.8     
   2.3e-14   0         0.89    
   3.4e-14   0         1       
   5.4e-14   0         1.1     
   7.2e-14   0         1.2     
   9.8e-14   0         1.2     
   1.3e-13   0         1.2     
   3.4e-13   0.018     1.2     
   3.4e-13  -0.018     1.2     

CDOF
   0         0         0         1         0         0       
   0         0         0         0         1         0       
   0         0         0         0         0         1       
   1         0         0         0        -0.088     0       
   0         1         0         0.088     0        -2.6e-15 
   0         0         1         0         2.6e-15   0       
   0         1         0         0.16     -0         0.2     
   0         1         0         0.16     -0         0.2     
   0         1         0         0.16      0        -0.2     
   0         1         0         0.16      0        -0.2     
   0         0         1        -0         2.6e-15   0       
   0         1         0        -0.23      0        -2.6e-15 
   0         1         0        -0.47      0        -2.6e-15 
   0         0         1        -0         2.6e-15   0       
   0         1         0        -0.77      0        -2.6e-15 
   0         0         1        -0         2.6e-15   0       
   0         0         0         0         1         0       
   0         0         0         0        -1         0       

CINERT
   0         0         0         0         0         0         0         0         0         0       
   0.3       0.53      0.55      0        -3.4e-15   0        -3.9e-14   0        -1.3       15      
   0.038     0.036     0.044    -0.021     0.016     0.018     0.1       0.11     -0.082     0.5     
   0.038     0.036     0.044     0.021     0.016    -0.018     0.1      -0.11     -0.082     0.5     
   0.038     0.036     0.044     0.022    -0.016     0.018    -0.1       0.11     -0.082     0.5     
   0.038     0.036     0.044    -0.022    -0.016    -0.018    -0.1      -0.11     -0.082     0.5     
   0.0059    0.0059    0.0021    0         1.4e-16   0        -2.6e-15   0         0.052     1       
   0.021     0.021     0.00018   0         2.8e-16  -1e-19    -1.6e-15   0         0.11      0.6     
   0.1       0.1       0.00024   0         7.3e-16  -6e-19    -2.1e-15   0         0.28      0.8     
   0.21      0.21      0.00018   0         9.1e-16  -3.8e-19  -1.6e-15   0         0.35      0.6     
   0.13      0.13      5.7e-05   0         4.8e-16  -2.8e-20  -6.5e-16   0         0.18      0.25    
   0.13      0.13      3.8e-05   0         4.2e-16  -1.7e-20  -5.2e-16   0         0.16      0.2     
   0.11      0.11      2.3e-05   0         3.4e-16  -9.7e-21  -3.9e-16   0         0.13      0.15    
   0.2       0.2       0.00029   0         5.3e-16   0        -6.5e-16   0         0.23      0.25    
   0.076     0.076     3.6e-05  -4.9e-16  -2.7e-14  -0.0014    2.7e-14   0.0014    0.078     0.08    
   0.076     0.076     3.6e-05   4.9e-16  -2.7e-14   0.0014    2.7e-14  -0.0014    0.078     0.08    

ACTUATOR_LENGTH
   0       
   0       
   0       
   0       
   0       
   0       
   0       
   0       
   0       
   0       
   0       

actuator_moment
--------------------
       x            |
        x           |
         x          |
          x         |
           x        |
            x       |
             x      |
              x     |
               x    |
                x   |
                 x  |
--------------------

ACTUATOR_MOMENT
     6:  1       
     7:  1       
     8:  1       
     9:  1       
    10:  1       
    11:  1       
    12:  1       
    13:  1       
    14:  1       
    15:  1       
    16:  1       

CRB
   0         0         0         0         0         0         0         0         0         0       
   1.5       1.7       0.74      0        -5.4e-14   0         0         0        -1.8e-15   21      
   0.038     0.036     0.044    -0.021     0.016     0.018     0.1       0.11     -0.082     0.5     
   0.038     0.036     0.044     0.021     0.016    -0.018     0.1      -0.11     -0.082     0.5     
   0.038     0.036     0.044     0.022    -0.016     0.018    -0.1       0.11     -0.082     0.5     
   0.038     0.036     0.044    -0.022    -0.016    -0.018    -0.1      -0.11     -0.082     0.5     
   1.1       1.1       0.0032    0        -5e-14    -1.1e-18   4.4e-14   0         1.6       4       
   1.1       1.1       0.0011    0        -5e-14    -1.1e-18   4.7e-14   0         1.6       3       
   1         1         0.00091   0        -5e-14    -1e-18     4.9e-14   0         1.5       2.4     
   0.94      0.94      0.00067   0        -5.1e-14  -4.4e-19   5.1e-14   0         1.2       1.6     
   0.73      0.73      0.00048   0        -5.2e-14  -5.5e-20   5.2e-14   0         0.86      1       
   0.6       0.6       0.00043   0        -5.2e-14  -2.7e-20   5.3e-14   0         0.67      0.76    
   0.47      0.47      0.00039   0        -5.2e-14  -9.7e-21   5.3e-14   0         0.51      0.56    
   0.35      0.35      0.00036   0        -5.3e-14   0         5.4e-14   0         0.38      0.41    
   0.076     0.076     3.6e-05  -4.9e-16  -2.7e-14  -0.0014    2.7e-14   0.0014    0.078     0.08    
   0.076     0.076     3.6e-05   4.9e-16  -2.7e-14   0.0014    2.7e-14  -0.0014    0.078     0.08    

M
     0:  21      
     0:  0          1:  21      
     0:  0          1:  0          2:  21      
     0:  0          1: -1.9        2:  0          3:  1.7     
     0:  1.9        1:  0          2: -5.5e-14    3:  0          4:  1.9     
     0:  0          1:  5.5e-14    2:  0          3: -5.9e-14    4:  0          5:  0.74    
     0:  0          1:  0          2:  0          3:  0          4:  0.0025     5:  0          6:  0.013   
     0:  0          1:  0          2:  0          3:  0          4:  0.0025     5:  0          7:  0.013   
     0:  0          1:  0          2:  0          3:  0          4:  0.0025     5:  0          8:  0.013   
     0:  0          1:  0          2:  0          3:  0          4:  0.0025     5:  0          9:  0.013   
     0:  0          1:  5.5e-14    2:  0          3: -5.9e-14    4: -1.1e-18    5:  0.0011    10:  0.011   
     0:  0.93       1:  0          2: -5.5e-14    3:  0          4:  0.78       5: -1e-18     10: -1e-18     11:  0.49    
     0:  0.45       1:  0          2: -5.5e-14    3:  0          4:  0.41       5: -4.4e-19   10: -4.4e-19   11:  0.27      12:  0.17    
     0:  0          1:  5.5e-14    2:  0          3: -5.9e-14    4: -5.5e-20    5:  0.00048   10:  0.00048   11: -5.5e-20   12: -5.5e-20   13:  0.01    
     0:  0.087      1:  0          2: -5.5e-14    3:  0          4:  0.087      5: -2.7e-20   10: -2.7e-20   11:  0.06      12:  0.039     13: -2.7e-20   14:  0.023   
     0:  0          1:  5.5e-14    2:  0          3: -5.9e-14    4: -9.7e-21    5:  0.00039   10:  0.00039   11: -9.7e-21   12: -9.7e-21   13:  0.00039   14: -9.7e-21   15:  0.01    
     0:  0          1:  0.08       2:  0          3: -0.085      4:  0          5:  2.7e-14   10:  2.7e-14   11:  0         12:  0         13:  2.7e-14   14:  0         15:  2.7e-14   16:  0.081   
     0:  0          1: -0.08       2:  0          3:  0.085      4:  0          5: -2.7e-14   10: -2.7e-14   11:  0         12:  0         13: -2.7e-14   14:  0         15: -2.7e-14   17:  0.081   

QLD
     0:  19      
     0:  6.1e-33    1:  19      
     0:  4.9e-16    1:  2.5e-46    2:  21      
     0:  1.4e-31    1: -1.1        2:  6.2e-45    3:  1.5     
     0:  0.53       1: -5.3e-32    2:  1.3e-14    3:  9.6e-32    4:  0.66    
     0:  2.8e-18    1:  7.7e-16    2:  2.6e-31    3: -1.4e-15    4:  2.3e-18    5:  0.73    
     0:  0          1:  0          2:  0          3:  0          4:  0.2        5:  0          6:  0.013   
     0:  0          1:  0          2:  0          3:  0          4:  0.2        5:  0          7:  0.013   
     0:  0          1:  0          2:  0          3:  0          4:  0.2        5:  0          8:  0.013   
     0:  0          1:  0          2:  0          3:  0          4:  0.2        5:  0          9:  0.013   
     0:  2.1e-16    1:  5.6e-14    2:  1.9e-29    3: -1e-13      4:  5.3e-17    5:  0.095     10:  0.011   
     0:  3.1        1: -2.9e-32    2:  3.7e-13    3:  5.2e-32    4:  1.8        5: -4.6e-18   10: -4.6e-18   11:  0.074   
     0:  2.8        1:  1.3e-33    2:  3.6e-13    3: -2.3e-33    4:  2.5        5: -3.7e-18   10: -3.7e-18   11:  1.6       12:  0.11    
     0:  9.6e-18    1:  6.2e-14    2: -6.1e-30    3: -1.1e-13    4:  4.5e-18    5:  0.045     10:  0.045     11:  1.4e-18   12: -8.8e-19   13:  0.01    
     0:  3.8        1:  2.8e-32    2: -2.4e-12    3: -5e-32      4:  3.8        5: -1.2e-18   10: -1.2e-18   11:  2.6       12:  1.7       13: -1.2e-18   14:  0.023   
     0:  0          1:  6.5e-14    2:  0          3: -1.2e-13    4: -9.4e-19    5:  0.037     10:  0.037     11: -9.4e-19   12: -9.4e-19   13:  0.037     14: -9.4e-19   15:  0.01    
     0:  0          1:  0.99       2:  0          3: -1          4:  0          5:  3.4e-13   10:  3.4e-13   11:  0         12:  0         13:  3.4e-13   14:  0         15:  3.4e-13   16:  0.081   
     0:  0          1: -0.99       2:  0          3:  1          4:  0          5: -3.4e-13   10: -3.4e-13   11:  0         12:  0         13: -3.4e-13   14:  0         15: -3.4e-13   17:  0.081   

QLDIAGINV
   0.053   
   0.053   
   0.048   
   0.66    
   1.5     
   1.4     
   80      
   80      
   80      
   80      
   90      
   13      
   9.5     
   96      
   44      
   96      
   12      
   12      

M: inertia structure
--------------------
 x                  |
 xx                 |
 xxx                |
 xxxx               |
 xxxxx              |
 xxxxxx             |
 xxxxxxx            |
 xxxxxx x           |
 xxxxxx  x          |
 xxxxxx   x         |
 xxxxxx    x        |
 xxxxxx    xx       |
 xxxxxx    xxx      |
 xxxxxx    xxxx     |
 xxxxxx    xxxxx    |
 xxxxxx    xxxxxx   |
 xxxxxx    xxxxxxx  |
 xxxxxx    xxxxxx x |
--------------------

iM: block-diagonal inertia (nnzs are island ids)
--------------------
 0                  |
 00                 |
 000                |
 0000               |
 00000              |
 000000             |
 0000000            |
 000000 0           |
 000000  0          |
 000000   0         |
 000000    0        |
 000000    00       |
 000000    000      |
 000000    0000     |
 000000    00000    |
 000000    000000   |
 000000    0000000  |
 000000    000000 0 |
--------------------

TREE_AWAKE
  1

BODY_AWAKE
  -1 1 1 1 1 1 1 1 1 1 1 1 1 1 1 1

BODY_AWAKE_IND
  0 1 2 3 4 5 6 7 8 9 10 11 12 13 14 15

PARENT_AWAKE_IND
  1 2 3 4 5 6 7 8 9 10 11 12 13 14 15

DOF_AWAKE_IND
  0 1 2 3 4 5 6 7 8 9 10 11 12 13 14 15 16 17

EFC_TYPE
  0

EFC_ID
  0

EFC_J
   0         0         0         0         0         0         0         0         0         0         0         0         0         0         0         0        -1         1       

IEFC_J
   0         0         0         0         0         0         0         0         0         0         0         0         0         0         0         0        -1         1       

EFC_POS
   0       

EFC_MARGIN
   0       

EFC_FRICTIONLOSS
   0       

EFC_DIAGA
   26      

EFC_KBIP
   2.8e+03   1.1e+02   0.9       0       

EFC_D
   0.34    

EFC_R
   2.9     

ACTUATOR_VELOCITY
   0       
   0       
   0       
   0       
   0       
   0       
   0       
   0       
   0       
   0       
   0       

CVEL
   0         0         0         0         0         0       
   0         0         0         0         0         0       
   0         0         0         0         0         0       
   0         0         0         0         0         0       
   0         0         0         0         0         0       
   0         0         0         0         0         0       
   0         0         0         0         0         0       
   0         0         0         0         0         0       
   0         0         0         0         0         0       
   0         0         0         0         0         0       
   0         0         0         0         0         0       
   0         0         0         0         0         0       
   0         0         0         0         0         0       
   0         0         0         0         0         0       
   0         0         0         0         0         0       
   0         0         0         0         0         0       

CDOF_DOT
   0         0         0         0         0         0       
   0         0         0         0         0         0       
   0         0         0         0         0         0       
   0         0         0         0         0         0       
   0         0         0         0         0         0       
   0         0         0         0         0         0       
   0         0         0         0         0         0       
   0         0         0         0         0         0       
   0         0         0         0         0         0       
   0         0         0         0         0         0       
   0         0         0         0         0         0       
   0         0         0         0         0         0       
   0         0         0         0         0         0       
   0         0         0         0         0         0       
   0         0         0         0         0         0       
   0         0         0         0         0         0       
   0         0         0         0         0         0       
   0         0         0         0         0         0       

QFRC_BIAS
   0       
   0       
   2.1e+02 
   0       
  -5.4e-13 
   0       
   0       
   0       
   0       
   0       
   0       
  -5.4e-13 
  -5.4e-13 
   0       
  -5.4e-13 
   0       
   0       
   0       

QFRC_SPRING
   0       
   0       
   0       
   0       
   0       
   0       
   0       
   0       
   0       
   0       
   0       
   0       
   0       
   0       
   0       
   0       
   0       
   0       

QFRC_DAMPER
   0       
   0       
   0       
   0       
   0       
   0       
  -0       
  -0       
  -0       
  -0       
  -0       
  -0       
  -0       
  -0       
  -0       
  -0       
  -0       
  -0       

QFRC_GRAVCOMP
   0       
   0       
   0       
   0       
   0       
   0       
   0       
   0       
   0       
   0       
   0       
   0       
   0       
   0       
   0       
   0       
   0       
   0       

QFRC_FLUID
   0       
   0       
   0       
   0       
   0       
   0       
   0       
   0       
   0       
   0       
   0       
   0       
   0       
   0       
   0       
   0       
   0       
   0       

QFRC_PASSIVE
   0       
   0       
   0       
   0       
   0       
   0       
   0       
   0       
   0       
   0       
   0       
   0       
   0       
   0       
   0       
   0       
   0       
   0       

EFC_VEL
   0       

EFC_AREF
  -0       

SUBTREE_LINVEL
   0         0         0       
   0         0         0       
   0         0         0       
   0         0         0       
   0         0         0       
   0         0         0       
   0         0         0       
   0         0         0       
   0         0         0       
   0         0         0       
   0         0         0       
   0         0         0       
   0         0         0       
   0         0         0       
   0         0         0       
   0         0         0       

SUBTREE_ANGMOM
   0         0         0       
   0         0         0       
   0         0         0       
   0         0         0       
   0         0         0       
   0         0         0       
   0         0         0       
   0         0         0       
   0         0         0       
   0         0         0       
   0         0         0       
   0         0         0       
   0         0         0       
   0         0         0       
   0         0         0       
   0         0         0       

ACTUATOR_FORCE
   0       
   0       
   0       
   0       
   0       
   0       
   0       
   0       
   0       
   0       
   0       

QFRC_ACTUATOR
   0       
   0       
   0       
   0       
   0       
   0       
   0       
   0       
   0       
   0       
   0       
   0       
   0       
   0       
   0       
   0       
   0       
   0       

QFRC_SMOOTH
   0       
   0       
  -2.1e+02 
   0       
   5.4e-13 
   0       
   0       
   0       
   0       
   0       
   0       
   5.4e-13 
   5.4e-13 
   0       
   5.4e-13 
   0       
   0       
   0       

QACC_SMOOTH
  -6.3e-18 
  -5.9e-49 
  -9.8     
  -1.4e-47 
   3.4e-16 
  -7.5e-34 
  -6.8e-17 
  -6.8e-17 
  -6.8e-17 
  -6.8e-17 
  -1.7e-32 
  -6.1e-16 
   1.4e-16 
   2.9e-34 
   8.3e-17 
   5.9e-34 
   5.5e-45 
  -5.5e-45 

EFC_B
  -1.1e-44 

EFC_FORCE
   3.8e-45 

EFC_STATE
  1

QFRC_CONSTRAINT
   0       
   0       
   0       
   0       
   0       
   0       
   0       
   0       
   0       
   0       
   0       
   0       
   0       
   0       
   0       
   0       
  -3.8e-45 
   3.8e-45 

QFRC_INVERSE
   0       
   0       
   0       
   0       
   0       
   0       
   0       
   0       
   0       
   0       
   0       
   0       
   0       
   0       
   0       
   0       
   0       
   0       

CACC
   0         0         0         0         0         0       
   0         0         0         0         0         0       
   0         0         0         0         0         0       
   0         0         0         0         0         0       
   0         0         0         0         0         0       
   0         0         0         0         0         0       
   0         0         0         0         0         0       
   0         0         0         0         0         0       
   0         0         0         0         0         0       
   0         0         0         0         0         0       
   0         0         0         0         0         0       
   0         0         0         0         0         0       
   0         0         0         0         0         0       
   0         0         0         0         0         0       
   0         0         0         0         0         0       
   0         0         0         0         0         0       

CFRC_INT
   0         0         0         0         0         0       
   0         0         0         0         0         0       
   0         0         0         0         0         0       
   0         0         0         0         0         0       
   0         0         0         0         0         0       
   0         0         0         0         0         0       
   0         0         0         0         0         0       
   0         0         0         0         0         0       
   0         0         0         0         0         0       
   0         0         0         0         0         0       
   0         0         0         0         0         0       
   0         0         0         0         0         0       
   0         0         0         0         0         0       
   0         0         0         0         0         0       
   0         0         0         0         0         0       
   0         0         0         0         0         0       

CFRC_EXT
   0         0         0         0         0         0       
   0         0         0         0         0         0       
   0         0         0         0         0         0       
   0         0         0         0         0         0       
   0         0         0         0         0         0       
   0         0         0         0         0         0       
   0         0         0         0         0         0       
   0         0         0         0         0         0       
   0         0         0         0         0         0       
   0         0         0         0         0         0       
   0         0         0         0         0         0       
   0         0         0         0         0         0       
   0         0         0         0         0         0       
   0         0         0         0         0         0       
   0         0         0         0         0         0       
   0         0         0         0         0         0       

TREE_ISLAND
  0

ISLAND_NTREE
  1

ISLAND_ITREEADR
  0

MAP_ITREE2TREE
  0

DOF_ISLAND            0 0 0 0 0 0 0 0 0 0 0 0 0 0 0 0 0 0

ISLAND_NV             18

ISLAND_IDOFADR        0

MAP_IDOF2DOF          0 1 2 3 4 5 6 7 8 9 10 11 12 13 14 15 16 17

EFC_ISLAND            0

ISLAND_NEFC           1

ISLAND_IEFCADR        0

MAP_IEFC2EFC          0

